-----------------------------------------------Epoch 100--------------------------------------------------
Predictions:
0.1221  0.0733  0.2026  0.0942  0.0566  0.1139  0.1059  0.0951  0.0569  0.0796  
0.1281  0.0571  0.2839  0.0852  0.0383  0.1151  0.1019  0.0866  0.0386  0.0652  
0.1251  0.0669  0.2316  0.0911  0.0492  0.1152  0.1047  0.0925  0.0494  0.0742  
0.1257  0.0374  0.4148  0.0681  0.0206  0.1075  0.0896  0.0699  0.0207  0.0455  
0.1280  0.0445  0.3634  0.0749  0.0263  0.1116  0.0951  0.0768  0.0265  0.0529  
0.1286  0.0492  0.3316  0.0791  0.0306  0.1135  0.0985  0.0807  0.0307  0.0574  
0.1285  0.0491  0.3331  0.0789  0.0304  0.1134  0.0981  0.0806  0.0307  0.0572  
0.1259  0.0650  0.2406  0.0901  0.0471  0.1156  0.1044  0.0915  0.0473  0.0725  
0.1255  0.0364  0.4227  0.0672  0.0199  0.1066  0.0887  0.0687  0.0199  0.0444  
0.1284  0.0553  0.2948  0.0838  0.0364  0.1149  0.1009  0.0854  0.0367  0.0633  
Ground truth:
0.0000  1.0000  0.0000  0.0000  0.0000  0.0000  0.0000  0.0000  0.0000  0.0000  
0.0000  0.0000  0.0000  0.0000  0.0000  0.0000  0.0000  0.0000  1.0000  0.0000  
0.0000  0.0000  0.0000  0.0000  0.0000  0.0000  0.0000  1.0000  0.0000  0.0000  
1.0000  0.0000  0.0000  0.0000  0.0000  0.0000  0.0000  0.0000  0.0000  0.0000  
0.0000  0.0000  0.0000  0.0000  0.0000  0.0000  0.0000  0.0000  1.0000  0.0000  
0.0000  0.0000  0.0000  0.0000  0.0000  0.0000  1.0000  0.0000  0.0000  0.0000  
1.0000  0.0000  0.0000  0.0000  0.0000  0.0000  0.0000  0.0000  0.0000  0.0000  
0.0000  0.0000  0.0000  0.0000  0.0000  0.0000  0.0000  0.0000  0.0000  1.0000  
0.0000  0.0000  1.0000  0.0000  0.0000  0.0000  0.0000  0.0000  0.0000  0.0000  
0.0000  0.0000  1.0000  0.0000  0.0000  0.0000  0.0000  0.0000  0.0000  0.0000  
loss = 244.774
                                            Loss 0.956149
--------------------------------------------End of Epoch :(------------------------------------------------
-----------------------------------------------Epoch 200--------------------------------------------------
Predictions:
0.1795  0.0817  0.0520  0.0845  0.0903  0.0982  0.0987  0.0997  0.1110  0.1045  
0.2563  0.0670  0.0315  0.0714  0.0804  0.0922  0.0924  0.0945  0.1129  0.1014  
0.2910  0.0613  0.0254  0.0656  0.0754  0.0888  0.0888  0.0915  0.1125  0.0998  
0.2350  0.0711  0.0358  0.0746  0.0830  0.0938  0.0946  0.0961  0.1128  0.1031  
0.2579  0.0668  0.0310  0.0708  0.0800  0.0920  0.0924  0.0939  0.1133  0.1019  
0.2037  0.0767  0.0440  0.0799  0.0869  0.0968  0.0971  0.0986  0.1123  0.1039  
0.2178  0.0740  0.0401  0.0773  0.0853  0.0956  0.0956  0.0980  0.1125  0.1038  
0.1794  0.0816  0.0521  0.0844  0.0904  0.0986  0.0985  0.1000  0.1110  0.1040  
0.3026  0.0593  0.0236  0.0640  0.0739  0.0878  0.0875  0.0905  0.1121  0.0986  
0.1594  0.0858  0.0605  0.0883  0.0932  0.0995  0.0995  0.1006  0.1092  0.1042  
Ground truth:
0.0000  1.0000  0.0000  0.0000  0.0000  0.0000  0.0000  0.0000  0.0000  0.0000  
0.0000  0.0000  0.0000  0.0000  1.0000  0.0000  0.0000  0.0000  0.0000  0.0000  
0.0000  0.0000  0.0000  0.0000  1.0000  0.0000  0.0000  0.0000  0.0000  0.0000  
0.0000  0.0000  1.0000  0.0000  0.0000  0.0000  0.0000  0.0000  0.0000  0.0000  
0.0000  0.0000  0.0000  0.0000  0.0000  0.0000  1.0000  0.0000  0.0000  0.0000  
0.0000  0.0000  0.0000  1.0000  0.0000  0.0000  0.0000  0.0000  0.0000  0.0000  
0.0000  0.0000  0.0000  0.0000  0.0000  0.0000  0.0000  1.0000  0.0000  0.0000  
0.0000  0.0000  0.0000  0.0000  0.0000  0.0000  0.0000  1.0000  0.0000  0.0000  
0.0000  0.0000  0.0000  0.0000  1.0000  0.0000  0.0000  0.0000  0.0000  0.0000  
0.0000  0.0000  0.0000  0.0000  0.0000  0.0000  0.0000  1.0000  0.0000  0.0000  
loss = 232.086
                                            Loss 0.906586
--------------------------------------------End of Epoch :(------------------------------------------------
-----------------------------------------------Epoch 300--------------------------------------------------
Predictions:
0.1234  0.0862  0.1034  0.0893  0.0965  0.0984  0.1054  0.1065  0.0990  0.0919  
0.2109  0.0533  0.1069  0.0619  0.0829  0.0892  0.1153  0.1206  0.0909  0.0682  
0.1678  0.0667  0.1062  0.0735  0.0897  0.0942  0.1126  0.1149  0.0954  0.0790  
0.1634  0.0683  0.1060  0.0756  0.0905  0.0948  0.1113  0.1142  0.0958  0.0802  
0.1607  0.0690  0.1060  0.0755  0.0910  0.0950  0.1112  0.1145  0.0963  0.0808  
0.1468  0.0746  0.1053  0.0802  0.0933  0.0963  0.1097  0.1117  0.0974  0.0846  
0.1486  0.0741  0.1054  0.0798  0.0929  0.0963  0.1098  0.1119  0.0972  0.0842  
0.1628  0.0681  0.1061  0.0750  0.0907  0.0947  0.1116  0.1150  0.0958  0.0802  
0.1426  0.0769  0.1050  0.0821  0.0934  0.0968  0.1090  0.1106  0.0977  0.0858  
0.1334  0.0813  0.1044  0.0853  0.0949  0.0973  0.1072  0.1088  0.0986  0.0888  
Ground truth:
0.0000  1.0000  0.0000  0.0000  0.0000  0.0000  0.0000  0.0000  0.0000  0.0000  
0.0000  0.0000  1.0000  0.0000  0.0000  0.0000  0.0000  0.0000  0.0000  0.0000  
0.0000  0.0000  0.0000  0.0000  0.0000  0.0000  1.0000  0.0000  0.0000  0.0000  
0.0000  0.0000  0.0000  0.0000  0.0000  1.0000  0.0000  0.0000  0.0000  0.0000  
0.0000  0.0000  0.0000  0.0000  1.0000  0.0000  0.0000  0.0000  0.0000  0.0000  
0.0000  0.0000  0.0000  0.0000  1.0000  0.0000  0.0000  0.0000  0.0000  0.0000  
0.0000  0.0000  0.0000  0.0000  0.0000  0.0000  1.0000  0.0000  0.0000  0.0000  
0.0000  0.0000  0.0000  0.0000  1.0000  0.0000  0.0000  0.0000  0.0000  0.0000  
0.0000  0.0000  0.0000  0.0000  0.0000  0.0000  1.0000  0.0000  0.0000  0.0000  
0.0000  1.0000  0.0000  0.0000  0.0000  0.0000  0.0000  0.0000  0.0000  0.0000  
loss = 231.982
                                            Loss 0.906178
--------------------------------------------End of Epoch :(------------------------------------------------
-----------------------------------------------Epoch 400--------------------------------------------------
Predictions:
0.1201  0.0891  0.1180  0.1289  0.0636  0.0683  0.1101  0.0854  0.1374  0.0790  
0.1215  0.0882  0.1189  0.1308  0.0614  0.0663  0.1107  0.0848  0.1400  0.0773  
0.1160  0.0921  0.1147  0.1236  0.0695  0.0739  0.1083  0.0887  0.1301  0.0833  
0.1232  0.0871  0.1205  0.1341  0.0584  0.0637  0.1105  0.0828  0.1443  0.0754  
0.1188  0.0896  0.1161  0.1263  0.0668  0.0714  0.1091  0.0880  0.1330  0.0808  
0.1094  0.0965  0.1092  0.1141  0.0810  0.0839  0.1052  0.0933  0.1172  0.0902  
0.1179  0.0909  0.1159  0.1252  0.0677  0.0718  0.1099  0.0874  0.1320  0.0814  
0.1222  0.0881  0.1190  0.1322  0.0610  0.0666  0.1101  0.0841  0.1397  0.0772  
0.1111  0.0952  0.1106  0.1165  0.0779  0.0814  0.1061  0.0925  0.1203  0.0884  
0.1085  0.0968  0.1085  0.1130  0.0822  0.0851  0.1053  0.0940  0.1157  0.0910  
Ground truth:
0.0000  0.0000  1.0000  0.0000  0.0000  0.0000  0.0000  0.0000  0.0000  0.0000  
0.0000  0.0000  0.0000  0.0000  0.0000  1.0000  0.0000  0.0000  0.0000  0.0000  
0.0000  0.0000  0.0000  0.0000  0.0000  0.0000  0.0000  0.0000  0.0000  1.0000  
0.0000  0.0000  0.0000  0.0000  0.0000  0.0000  0.0000  0.0000  1.0000  0.0000  
0.0000  0.0000  0.0000  0.0000  0.0000  0.0000  0.0000  1.0000  0.0000  0.0000  
0.0000  1.0000  0.0000  0.0000  0.0000  0.0000  0.0000  0.0000  0.0000  0.0000  
0.0000  0.0000  0.0000  0.0000  0.0000  0.0000  1.0000  0.0000  0.0000  0.0000  
0.0000  0.0000  0.0000  0.0000  0.0000  1.0000  0.0000  0.0000  0.0000  0.0000  
0.0000  1.0000  0.0000  0.0000  0.0000  0.0000  0.0000  0.0000  0.0000  0.0000  
0.0000  1.0000  0.0000  0.0000  0.0000  0.0000  0.0000  0.0000  0.0000  0.0000  
loss = 230.837
                                            Loss 0.901706
--------------------------------------------End of Epoch :(------------------------------------------------
-----------------------------------------------Epoch 500--------------------------------------------------
Predictions:
0.1187  0.0491  0.1225  0.1669  0.0581  0.0800  0.1367  0.0676  0.1224  0.0779  
0.1073  0.0794  0.1090  0.1213  0.0837  0.0940  0.1130  0.0892  0.1093  0.0937  
0.1132  0.0633  0.1165  0.1424  0.0710  0.0877  0.1244  0.0789  0.1162  0.0865  
0.1181  0.0505  0.1226  0.1637  0.0593  0.0809  0.1350  0.0688  0.1223  0.0787  
0.1154  0.0588  0.1183  0.1480  0.0672  0.0857  0.1281  0.0759  0.1188  0.0839  
0.1136  0.0633  0.1165  0.1427  0.0709  0.0876  0.1246  0.0786  0.1166  0.0858  
0.1154  0.0589  0.1185  0.1499  0.0667  0.0859  0.1272  0.0754  0.1182  0.0839  
0.1101  0.0747  0.1110  0.1274  0.0802  0.0926  0.1162  0.0856  0.1111  0.0910  
0.1113  0.0693  0.1132  0.1328  0.0762  0.0907  0.1193  0.0837  0.1138  0.0895  
0.1115  0.0702  0.1132  0.1335  0.0763  0.0905  0.1194  0.0826  0.1136  0.0892  
Ground truth:
0.0000  0.0000  0.0000  0.0000  0.0000  0.0000  0.0000  0.0000  1.0000  0.0000  
0.0000  0.0000  0.0000  0.0000  0.0000  0.0000  0.0000  1.0000  0.0000  0.0000  
0.0000  0.0000  0.0000  0.0000  0.0000  0.0000  0.0000  0.0000  0.0000  1.0000  
0.0000  0.0000  1.0000  0.0000  0.0000  0.0000  0.0000  0.0000  0.0000  0.0000  
0.0000  0.0000  0.0000  0.0000  0.0000  0.0000  0.0000  0.0000  0.0000  1.0000  
0.0000  0.0000  1.0000  0.0000  0.0000  0.0000  0.0000  0.0000  0.0000  0.0000  
0.0000  0.0000  0.0000  1.0000  0.0000  0.0000  0.0000  0.0000  0.0000  0.0000  
0.0000  0.0000  0.0000  0.0000  0.0000  1.0000  0.0000  0.0000  0.0000  0.0000  
0.0000  0.0000  0.0000  0.0000  0.0000  0.0000  0.0000  1.0000  0.0000  0.0000  
0.0000  0.0000  1.0000  0.0000  0.0000  0.0000  0.0000  0.0000  0.0000  0.0000  
loss = 229.666
                                            Loss 0.897132
--------------------------------------------End of Epoch :(------------------------------------------------
-----------------------------------------------Epoch 600--------------------------------------------------
Predictions:
0.1360  0.0758  0.1064  0.0948  0.0892  0.1090  0.1039  0.1029  0.0919  0.0901  
0.1343  0.0766  0.1067  0.0948  0.0900  0.1082  0.1041  0.1029  0.0921  0.0903  
0.1796  0.0576  0.1102  0.0895  0.0793  0.1149  0.1053  0.1016  0.0831  0.0791  
0.1610  0.0646  0.1095  0.0911  0.0830  0.1123  0.1057  0.1029  0.0865  0.0834  
0.1591  0.0653  0.1088  0.0919  0.0831  0.1132  0.1044  0.1025  0.0876  0.0841  
0.1630  0.0638  0.1099  0.0914  0.0825  0.1133  0.1055  0.1023  0.0858  0.0827  
0.1440  0.0720  0.1070  0.0936  0.0880  0.1101  0.1047  0.1032  0.0900  0.0875  
0.1884  0.0544  0.1101  0.0881  0.0765  0.1168  0.1039  0.1027  0.0817  0.0774  
0.1584  0.0658  0.1088  0.0928  0.0834  0.1128  0.1059  0.1015  0.0869  0.0835  
0.1968  0.0513  0.1106  0.0870  0.0746  0.1183  0.1045  0.1020  0.0797  0.0752  
Ground truth:
0.0000  0.0000  0.0000  0.0000  0.0000  0.0000  0.0000  0.0000  0.0000  1.0000  
0.0000  0.0000  0.0000  0.0000  1.0000  0.0000  0.0000  0.0000  0.0000  0.0000  
1.0000  0.0000  0.0000  0.0000  0.0000  0.0000  0.0000  0.0000  0.0000  0.0000  
0.0000  0.0000  1.0000  0.0000  0.0000  0.0000  0.0000  0.0000  0.0000  0.0000  
0.0000  0.0000  0.0000  0.0000  0.0000  0.0000  0.0000  0.0000  1.0000  0.0000  
0.0000  0.0000  1.0000  0.0000  0.0000  0.0000  0.0000  0.0000  0.0000  0.0000  
0.0000  0.0000  1.0000  0.0000  0.0000  0.0000  0.0000  0.0000  0.0000  0.0000  
1.0000  0.0000  0.0000  0.0000  0.0000  0.0000  0.0000  0.0000  0.0000  0.0000  
0.0000  0.0000  0.0000  1.0000  0.0000  0.0000  0.0000  0.0000  0.0000  0.0000  
0.0000  0.0000  0.0000  0.0000  0.0000  1.0000  0.0000  0.0000  0.0000  0.0000  
loss = 230.577
                                            Loss 0.900692
--------------------------------------------End of Epoch :(------------------------------------------------
-----------------------------------------------Epoch 700--------------------------------------------------
Predictions:
0.1875  0.0722  0.0748  0.0912  0.0856  0.0899  0.0890  0.0880  0.1166  0.1053  
0.1925  0.0712  0.0736  0.0891  0.0845  0.0879  0.0886  0.0870  0.1187  0.1067  
0.1649  0.0779  0.0794  0.0919  0.0890  0.0917  0.0917  0.0926  0.1144  0.1067  
0.1618  0.0805  0.0809  0.0930  0.0885  0.0914  0.0923  0.0905  0.1150  0.1061  
0.1587  0.0806  0.0817  0.0935  0.0895  0.0922  0.0923  0.0914  0.1142  0.1060  
0.1433  0.0853  0.0855  0.0954  0.0917  0.0940  0.0947  0.0939  0.1110  0.1052  
0.1665  0.0780  0.0795  0.0928  0.0884  0.0917  0.0916  0.0906  0.1150  0.1059  
0.1679  0.0772  0.0790  0.0924  0.0884  0.0915  0.0910  0.0908  0.1153  0.1066  
0.1911  0.0716  0.0738  0.0903  0.0848  0.0889  0.0883  0.0874  0.1177  0.1061  
0.1409  0.0857  0.0861  0.0955  0.0924  0.0949  0.0949  0.0943  0.1105  0.1049  
Ground truth:
0.0000  0.0000  0.0000  1.0000  0.0000  0.0000  0.0000  0.0000  0.0000  0.0000  
0.0000  0.0000  1.0000  0.0000  0.0000  0.0000  0.0000  0.0000  0.0000  0.0000  
0.0000  0.0000  0.0000  0.0000  0.0000  0.0000  0.0000  1.0000  0.0000  0.0000  
0.0000  1.0000  0.0000  0.0000  0.0000  0.0000  0.0000  0.0000  0.0000  0.0000  
0.0000  1.0000  0.0000  0.0000  0.0000  0.0000  0.0000  0.0000  0.0000  0.0000  
0.0000  1.0000  0.0000  0.0000  0.0000  0.0000  0.0000  0.0000  0.0000  0.0000  
0.0000  0.0000  0.0000  1.0000  0.0000  0.0000  0.0000  0.0000  0.0000  0.0000  
0.0000  0.0000  0.0000  1.0000  0.0000  0.0000  0.0000  0.0000  0.0000  0.0000  
0.0000  0.0000  0.0000  1.0000  0.0000  0.0000  0.0000  0.0000  0.0000  0.0000  
0.0000  1.0000  0.0000  0.0000  0.0000  0.0000  0.0000  0.0000  0.0000  0.0000  
loss = 230.524
                                            Loss 0.900484
--------------------------------------------End of Epoch :(------------------------------------------------
-----------------------------------------------Epoch 800--------------------------------------------------
Predictions:
0.1110  0.0693  0.1124  0.0956  0.1127  0.1007  0.0974  0.1101  0.0966  0.0942  
0.1115  0.0709  0.1114  0.0960  0.1113  0.1010  0.0979  0.1085  0.0969  0.0945  
0.1136  0.0688  0.1119  0.0947  0.1125  0.1011  0.0984  0.1095  0.0963  0.0931  
0.1223  0.0553  0.1191  0.0923  0.1191  0.1013  0.0974  0.1124  0.0930  0.0878  
0.1207  0.0548  0.1236  0.0935  0.1181  0.1003  0.0968  0.1112  0.0939  0.0871  
0.1053  0.0807  0.1100  0.0980  0.1071  0.1000  0.0987  0.1056  0.0986  0.0960  
0.1311  0.0430  0.1261  0.0874  0.1266  0.1003  0.0950  0.1174  0.0900  0.0832  
0.1314  0.0419  0.1293  0.0882  0.1264  0.1003  0.0940  0.1164  0.0898  0.0824  
0.1127  0.0643  0.1157  0.0938  0.1150  0.1004  0.0969  0.1116  0.0965  0.0931  
0.1125  0.0655  0.1160  0.0945  0.1148  0.1000  0.0978  0.1104  0.0960  0.0926  
Ground truth:
0.0000  0.0000  0.0000  0.0000  1.0000  0.0000  0.0000  0.0000  0.0000  0.0000  
0.0000  0.0000  0.0000  0.0000  0.0000  0.0000  0.0000  0.0000  0.0000  1.0000  
0.0000  0.0000  1.0000  0.0000  0.0000  0.0000  0.0000  0.0000  0.0000  0.0000  
1.0000  0.0000  0.0000  0.0000  0.0000  0.0000  0.0000  0.0000  0.0000  0.0000  
0.0000  0.0000  1.0000  0.0000  0.0000  0.0000  0.0000  0.0000  0.0000  0.0000  
0.0000  1.0000  0.0000  0.0000  0.0000  0.0000  0.0000  0.0000  0.0000  0.0000  
1.0000  0.0000  0.0000  0.0000  0.0000  0.0000  0.0000  0.0000  0.0000  0.0000  
0.0000  0.0000  1.0000  0.0000  0.0000  0.0000  0.0000  0.0000  0.0000  0.0000  
0.0000  0.0000  0.0000  0.0000  0.0000  0.0000  0.0000  0.0000  0.0000  1.0000  
0.0000  0.0000  1.0000  0.0000  0.0000  0.0000  0.0000  0.0000  0.0000  0.0000  
loss = 228.938
                                            Loss 0.894291
--------------------------------------------End of Epoch :(------------------------------------------------
-----------------------------------------------Epoch 900--------------------------------------------------
Predictions:
0.0855  0.0406  0.1798  0.0690  0.0916  0.0752  0.1122  0.1345  0.1340  0.0777  
0.0945  0.0518  0.1553  0.0781  0.0946  0.0836  0.1131  0.1226  0.1237  0.0827  
0.0917  0.0582  0.1513  0.0807  0.0942  0.0843  0.1120  0.1194  0.1230  0.0852  
0.0848  0.0562  0.1626  0.0781  0.0911  0.0803  0.1094  0.1240  0.1296  0.0838  
0.0919  0.0525  0.1547  0.0780  0.0952  0.0831  0.1095  0.1255  0.1246  0.0849  
0.0916  0.0697  0.1344  0.0862  0.0969  0.0884  0.1074  0.1165  0.1175  0.0912  
0.0928  0.0539  0.1531  0.0807  0.0941  0.0845  0.1091  0.1233  0.1247  0.0840  
0.0899  0.0506  0.1585  0.0759  0.0951  0.0814  0.1107  0.1283  0.1260  0.0836  
0.0869  0.0417  0.1768  0.0698  0.0911  0.0766  0.1118  0.1338  0.1334  0.0782  
0.0890  0.0543  0.1600  0.0791  0.0927  0.0821  0.1101  0.1223  0.1268  0.0836  
Ground truth:
0.0000  0.0000  0.0000  0.0000  1.0000  0.0000  0.0000  0.0000  0.0000  0.0000  
0.0000  0.0000  0.0000  0.0000  0.0000  0.0000  1.0000  0.0000  0.0000  0.0000  
0.0000  0.0000  0.0000  0.0000  0.0000  0.0000  1.0000  0.0000  0.0000  0.0000  
0.0000  1.0000  0.0000  0.0000  0.0000  0.0000  0.0000  0.0000  0.0000  0.0000  
0.0000  0.0000  0.0000  0.0000  0.0000  0.0000  0.0000  0.0000  0.0000  1.0000  
0.0000  0.0000  0.0000  0.0000  1.0000  0.0000  0.0000  0.0000  0.0000  0.0000  
0.0000  0.0000  0.0000  0.0000  0.0000  1.0000  0.0000  0.0000  0.0000  0.0000  
0.0000  0.0000  0.0000  0.0000  1.0000  0.0000  0.0000  0.0000  0.0000  0.0000  
0.0000  0.0000  0.0000  0.0000  0.0000  0.0000  0.0000  0.0000  0.0000  1.0000  
0.0000  0.0000  0.0000  1.0000  0.0000  0.0000  0.0000  0.0000  0.0000  0.0000  
loss = 231.155
                                            Loss 0.90295
--------------------------------------------End of Epoch :(------------------------------------------------
-----------------------------------------------Epoch 1000--------------------------------------------------
Predictions:
0.1173  0.0788  0.1023  0.0948  0.0974  0.0941  0.1188  0.0939  0.0955  0.1071  
0.1132  0.0817  0.1032  0.0953  0.0951  0.0931  0.1188  0.0919  0.0984  0.1093  
0.1272  0.0689  0.1031  0.0909  0.0962  0.0902  0.1344  0.0867  0.0928  0.1096  
0.1719  0.0441  0.0993  0.0827  0.0895  0.0850  0.1519  0.0799  0.0837  0.1120  
0.1297  0.0647  0.1018  0.0896  0.0949  0.0897  0.1297  0.0926  0.0934  0.1140  
0.1232  0.0747  0.1064  0.0937  0.0932  0.0901  0.1301  0.0858  0.0948  0.1082  
0.1143  0.0773  0.1011  0.0923  0.0972  0.0926  0.1180  0.0982  0.0970  0.1120  
0.1223  0.0712  0.1016  0.0912  0.0978  0.0921  0.1236  0.0936  0.0948  0.1116  
0.1139  0.0799  0.1006  0.0940  0.0988  0.0949  0.1138  0.0993  0.0966  0.1082  
0.1553  0.0528  0.0997  0.0857  0.0944  0.0893  0.1431  0.0846  0.0864  0.1087  
Ground truth:
0.0000  0.0000  0.0000  0.0000  0.0000  0.0000  0.0000  0.0000  0.0000  1.0000  
0.0000  0.0000  0.0000  0.0000  0.0000  0.0000  0.0000  0.0000  1.0000  0.0000  
0.0000  0.0000  0.0000  0.0000  0.0000  0.0000  1.0000  0.0000  0.0000  0.0000  
1.0000  0.0000  0.0000  0.0000  0.0000  0.0000  0.0000  0.0000  0.0000  0.0000  
0.0000  0.0000  0.0000  0.0000  0.0000  0.0000  0.0000  1.0000  0.0000  0.0000  
0.0000  0.0000  1.0000  0.0000  0.0000  0.0000  0.0000  0.0000  0.0000  0.0000  
0.0000  0.0000  0.0000  0.0000  0.0000  0.0000  0.0000  1.0000  0.0000  0.0000  
0.0000  0.0000  0.0000  0.0000  0.0000  0.0000  0.0000  0.0000  0.0000  1.0000  
0.0000  0.0000  0.0000  0.0000  0.0000  0.0000  0.0000  1.0000  0.0000  0.0000  
1.0000  0.0000  0.0000  0.0000  0.0000  0.0000  0.0000  0.0000  0.0000  0.0000  
loss = 227.563
                                            Loss 0.888917
--------------------------------------------End of Epoch :(------------------------------------------------
-----------------------------------------------Epoch 1100--------------------------------------------------
Predictions:
0.0928  0.0738  0.1307  0.1210  0.0776  0.0800  0.1305  0.0897  0.1330  0.0709  
0.0921  0.0710  0.1240  0.1099  0.0862  0.0803  0.1293  0.1003  0.1286  0.0783  
0.0848  0.0958  0.1185  0.1113  0.0857  0.0854  0.1167  0.0949  0.1218  0.0852  
0.0857  0.0750  0.1283  0.1116  0.0828  0.0773  0.1315  0.0974  0.1340  0.0766  
0.0956  0.0766  0.1240  0.1108  0.0850  0.0828  0.1294  0.0942  0.1238  0.0779  
0.0934  0.0739  0.1216  0.1093  0.0876  0.0825  0.1255  0.1001  0.1254  0.0807  
0.0769  0.0983  0.1270  0.1152  0.0798  0.0795  0.1198  0.0921  0.1309  0.0805  
0.0928  0.0728  0.1294  0.1187  0.0789  0.0792  0.1331  0.0914  0.1321  0.0717  
0.0890  0.0709  0.1328  0.1145  0.0801  0.0760  0.1388  0.0921  0.1339  0.0718  
0.0876  0.0621  0.1478  0.1277  0.0672  0.0689  0.1526  0.0804  0.1475  0.0582  
Ground truth:
0.0000  0.0000  0.0000  1.0000  0.0000  0.0000  0.0000  0.0000  0.0000  0.0000  
0.0000  0.0000  0.0000  0.0000  1.0000  0.0000  0.0000  0.0000  0.0000  0.0000  
0.0000  1.0000  0.0000  0.0000  0.0000  0.0000  0.0000  0.0000  0.0000  0.0000  
0.0000  0.0000  0.0000  0.0000  1.0000  0.0000  0.0000  0.0000  0.0000  0.0000  
0.0000  0.0000  0.0000  0.0000  0.0000  0.0000  1.0000  0.0000  0.0000  0.0000  
0.0000  0.0000  0.0000  0.0000  1.0000  0.0000  0.0000  0.0000  0.0000  0.0000  
0.0000  1.0000  0.0000  0.0000  0.0000  0.0000  0.0000  0.0000  0.0000  0.0000  
0.0000  0.0000  0.0000  1.0000  0.0000  0.0000  0.0000  0.0000  0.0000  0.0000  
0.0000  0.0000  0.0000  0.0000  0.0000  0.0000  1.0000  0.0000  0.0000  0.0000  
0.0000  0.0000  0.0000  1.0000  0.0000  0.0000  0.0000  0.0000  0.0000  0.0000  
loss = 227.708
                                            Loss 0.889484
--------------------------------------------End of Epoch :(------------------------------------------------
-----------------------------------------------Epoch 1200--------------------------------------------------
Predictions:
0.1476  0.0230  0.1706  0.1121  0.1210  0.0624  0.1289  0.0594  0.0914  0.0835  
0.0800  0.0938  0.1222  0.1085  0.1034  0.0834  0.1021  0.0919  0.1101  0.1048  
0.0835  0.0604  0.1485  0.1088  0.1164  0.0699  0.1112  0.0829  0.1120  0.1064  
0.1366  0.0309  0.1526  0.1070  0.1222  0.0696  0.1270  0.0696  0.0942  0.0902  
0.0922  0.0500  0.1684  0.1133  0.1151  0.0651  0.1222  0.0700  0.1067  0.0968  
0.0769  0.0671  0.1677  0.1223  0.1051  0.0662  0.1109  0.0699  0.1157  0.0982  
0.0827  0.0710  0.1377  0.1105  0.1110  0.0755  0.1055  0.0874  0.1126  0.1062  
0.0776  0.0681  0.1743  0.1232  0.1032  0.0646  0.1189  0.0643  0.1121  0.0938  
0.0944  0.0730  0.1222  0.1077  0.1096  0.0847  0.1045  0.0925  0.1072  0.1043  
0.0875  0.0601  0.1474  0.1140  0.1134  0.0722  0.1096  0.0801  0.1124  0.1032  
Ground truth:
1.0000  0.0000  0.0000  0.0000  0.0000  0.0000  0.0000  0.0000  0.0000  0.0000  
0.0000  1.0000  0.0000  0.0000  0.0000  0.0000  0.0000  0.0000  0.0000  0.0000  
0.0000  0.0000  0.0000  0.0000  0.0000  0.0000  0.0000  0.0000  1.0000  0.0000  
1.0000  0.0000  0.0000  0.0000  0.0000  0.0000  0.0000  0.0000  0.0000  0.0000  
0.0000  0.0000  1.0000  0.0000  0.0000  0.0000  0.0000  0.0000  0.0000  0.0000  
0.0000  0.0000  0.0000  1.0000  0.0000  0.0000  0.0000  0.0000  0.0000  0.0000  
0.0000  0.0000  0.0000  0.0000  0.0000  0.0000  0.0000  0.0000  0.0000  1.0000  
0.0000  0.0000  1.0000  0.0000  0.0000  0.0000  0.0000  0.0000  0.0000  0.0000  
0.0000  0.0000  0.0000  0.0000  0.0000  1.0000  0.0000  0.0000  0.0000  0.0000  
0.0000  0.0000  0.0000  0.0000  0.0000  0.0000  0.0000  0.0000  1.0000  0.0000  
loss = 223.923
                                            Loss 0.8747
--------------------------------------------End of Epoch :(------------------------------------------------
-----------------------------------------------Epoch 1300--------------------------------------------------
Predictions:
0.0879  0.0723  0.1120  0.1476  0.0817  0.1082  0.0886  0.0931  0.1077  0.1010  
0.0561  0.0851  0.1011  0.1261  0.0891  0.0954  0.0742  0.1305  0.1148  0.1275  
0.0875  0.0628  0.0974  0.1189  0.0970  0.1049  0.0841  0.1261  0.1030  0.1183  
0.0588  0.0863  0.1187  0.1538  0.0774  0.0980  0.0847  0.0961  0.1165  0.1096  
0.1038  0.0563  0.1119  0.1357  0.0873  0.1093  0.0992  0.0943  0.1003  0.1018  
0.1577  0.0365  0.1011  0.1203  0.0933  0.1148  0.1090  0.0909  0.0844  0.0919  
0.0595  0.0885  0.1005  0.1209  0.0916  0.0956  0.0773  0.1274  0.1134  0.1253  
0.1522  0.0219  0.1080  0.1531  0.0806  0.1194  0.1038  0.0863  0.0822  0.0925  
0.1033  0.0351  0.0916  0.1293  0.0954  0.1127  0.0799  0.1352  0.0962  0.1213  
0.0910  0.0542  0.0960  0.1204  0.0980  0.1063  0.0849  0.1283  0.1012  0.1197  
Ground truth:
0.0000  0.0000  0.0000  1.0000  0.0000  0.0000  0.0000  0.0000  0.0000  0.0000  
0.0000  0.0000  0.0000  0.0000  0.0000  0.0000  0.0000  1.0000  0.0000  0.0000  
0.0000  0.0000  0.0000  0.0000  0.0000  0.0000  0.0000  1.0000  0.0000  0.0000  
0.0000  0.0000  0.0000  0.0000  0.0000  0.0000  0.0000  0.0000  1.0000  0.0000  
0.0000  0.0000  0.0000  0.0000  0.0000  0.0000  1.0000  0.0000  0.0000  0.0000  
1.0000  0.0000  0.0000  0.0000  0.0000  0.0000  0.0000  0.0000  0.0000  0.0000  
0.0000  0.0000  0.0000  0.0000  0.0000  0.0000  0.0000  1.0000  0.0000  0.0000  
0.0000  0.0000  0.0000  0.0000  0.0000  0.0000  1.0000  0.0000  0.0000  0.0000  
0.0000  0.0000  0.0000  0.0000  0.0000  0.0000  0.0000  1.0000  0.0000  0.0000  
0.0000  0.0000  0.0000  0.0000  0.0000  0.0000  0.0000  1.0000  0.0000  0.0000  
loss = 218.17
                                            Loss 0.852225
--------------------------------------------End of Epoch :(------------------------------------------------
-----------------------------------------------Epoch 1400--------------------------------------------------
Predictions:
0.1133  0.0430  0.1309  0.1264  0.0851  0.0809  0.1362  0.0864  0.1010  0.0967  
0.2771  0.0109  0.1020  0.1065  0.0757  0.0833  0.1411  0.0679  0.0658  0.0696  
0.0398  0.1224  0.1231  0.1404  0.0736  0.0688  0.0834  0.1024  0.1326  0.1135  
0.0126  0.2641  0.1250  0.1285  0.0508  0.0436  0.0632  0.0765  0.1373  0.0984  
0.0599  0.0729  0.0926  0.1015  0.1026  0.0786  0.0821  0.1557  0.1135  0.1407  
0.0285  0.0817  0.1276  0.1572  0.0663  0.0547  0.0753  0.1248  0.1497  0.1342  
0.1778  0.0119  0.1194  0.1094  0.0874  0.0695  0.1583  0.0922  0.0782  0.0959  
0.0643  0.0763  0.1051  0.1051  0.1018  0.0782  0.0964  0.1315  0.1118  0.1295  
0.0948  0.0725  0.1108  0.1112  0.0958  0.0898  0.1082  0.1050  0.1052  0.1067  
0.0571  0.0770  0.1122  0.1240  0.0883  0.0751  0.0882  0.1261  0.1248  0.1271  
Ground truth:
0.0000  0.0000  0.0000  0.0000  0.0000  0.0000  1.0000  0.0000  0.0000  0.0000  
0.0000  0.0000  0.0000  0.0000  0.0000  0.0000  1.0000  0.0000  0.0000  0.0000  
0.0000  0.0000  0.0000  0.0000  0.0000  0.0000  0.0000  0.0000  1.0000  0.0000  
0.0000  0.0000  1.0000  0.0000  0.0000  0.0000  0.0000  0.0000  0.0000  0.0000  
0.0000  0.0000  0.0000  0.0000  0.0000  0.0000  0.0000  1.0000  0.0000  0.0000  
0.0000  0.0000  0.0000  0.0000  0.0000  0.0000  0.0000  0.0000  1.0000  0.0000  
0.0000  0.0000  0.0000  0.0000  0.0000  0.0000  1.0000  0.0000  0.0000  0.0000  
0.0000  0.0000  0.0000  0.0000  1.0000  0.0000  0.0000  0.0000  0.0000  0.0000  
0.0000  0.0000  0.0000  0.0000  0.0000  1.0000  0.0000  0.0000  0.0000  0.0000  
0.0000  0.0000  0.0000  0.0000  0.0000  0.0000  0.0000  0.0000  1.0000  0.0000  
loss = 199.849
                                            Loss 0.780661
--------------------------------------------End of Epoch :(------------------------------------------------
-----------------------------------------------Epoch 1500--------------------------------------------------
Predictions:
0.3301  0.0017  0.0714  0.0741  0.0925  0.1122  0.1763  0.0486  0.0453  0.0478  
0.0088  0.1215  0.0840  0.0998  0.1010  0.0610  0.0612  0.1567  0.1510  0.1549  
0.0080  0.0320  0.0653  0.0846  0.1294  0.0610  0.0590  0.2321  0.1378  0.1908  
0.0075  0.4085  0.0971  0.1043  0.0444  0.0451  0.0503  0.0530  0.1221  0.0677  
0.0090  0.3390  0.1116  0.1201  0.0493  0.0517  0.0602  0.0539  0.1345  0.0708  
0.0542  0.0328  0.0958  0.1133  0.1226  0.1026  0.1111  0.1266  0.1176  0.1233  
0.0031  0.4458  0.0993  0.1082  0.0351  0.0352  0.0435  0.0407  0.1311  0.0580  
0.0016  0.4535  0.0933  0.1123  0.0311  0.0307  0.0373  0.0408  0.1415  0.0578  
0.0401  0.0602  0.1493  0.1417  0.0887  0.0920  0.1464  0.0691  0.1278  0.0847  
0.0498  0.0289  0.0867  0.0847  0.1452  0.0890  0.1121  0.1544  0.1052  0.1441  
Ground truth:
0.0000  0.0000  0.0000  0.0000  0.0000  0.0000  1.0000  0.0000  0.0000  0.0000  
0.0000  0.0000  0.0000  0.0000  0.0000  0.0000  0.0000  0.0000  0.0000  1.0000  
0.0000  0.0000  0.0000  0.0000  0.0000  0.0000  0.0000  1.0000  0.0000  0.0000  
0.0000  1.0000  0.0000  0.0000  0.0000  0.0000  0.0000  0.0000  0.0000  0.0000  
0.0000  1.0000  0.0000  0.0000  0.0000  0.0000  0.0000  0.0000  0.0000  0.0000  
0.0000  0.0000  0.0000  0.0000  0.0000  0.0000  0.0000  0.0000  0.0000  1.0000  
0.0000  1.0000  0.0000  0.0000  0.0000  0.0000  0.0000  0.0000  0.0000  0.0000  
0.0000  1.0000  0.0000  0.0000  0.0000  0.0000  0.0000  0.0000  0.0000  0.0000  
0.0000  0.0000  1.0000  0.0000  0.0000  0.0000  0.0000  0.0000  0.0000  0.0000  
0.0000  0.0000  0.0000  0.0000  1.0000  0.0000  0.0000  0.0000  0.0000  0.0000  
loss = 183.842
                                            Loss 0.718134
--------------------------------------------End of Epoch :(------------------------------------------------
-----------------------------------------------Epoch 1600--------------------------------------------------
Predictions:
0.0113  0.0236  0.1794  0.2332  0.0460  0.1013  0.0809  0.0315  0.2482  0.0447  
0.0784  0.0018  0.1593  0.1200  0.0931  0.1300  0.2068  0.0363  0.1257  0.0485  
0.0985  0.0041  0.1484  0.1368  0.0839  0.1381  0.1787  0.0379  0.1243  0.0492  
0.0003  0.5323  0.0649  0.0783  0.0225  0.0181  0.0140  0.0395  0.1777  0.0524  
0.0103  0.0166  0.1156  0.1457  0.1010  0.0962  0.0712  0.0998  0.2340  0.1096  
0.0246  0.0056  0.1531  0.1549  0.0910  0.1198  0.1185  0.0582  0.2033  0.0709  
0.0186  0.0423  0.1500  0.2302  0.0543  0.1101  0.0733  0.0459  0.2179  0.0573  
0.0373  0.0127  0.1534  0.2123  0.0617  0.1345  0.1024  0.0398  0.1948  0.0511  
0.0764  0.0166  0.1266  0.1375  0.0974  0.1305  0.1204  0.0739  0.1412  0.0795  
0.0146  0.0273  0.0597  0.0773  0.1370  0.0771  0.0461  0.2267  0.1522  0.1820  
Ground truth:
0.0000  0.0000  0.0000  0.0000  0.0000  0.0000  0.0000  0.0000  1.0000  0.0000  
0.0000  0.0000  1.0000  0.0000  0.0000  0.0000  0.0000  0.0000  0.0000  0.0000  
0.0000  0.0000  0.0000  0.0000  0.0000  0.0000  1.0000  0.0000  0.0000  0.0000  
0.0000  1.0000  0.0000  0.0000  0.0000  0.0000  0.0000  0.0000  0.0000  0.0000  
0.0000  0.0000  0.0000  1.0000  0.0000  0.0000  0.0000  0.0000  0.0000  0.0000  
0.0000  0.0000  1.0000  0.0000  0.0000  0.0000  0.0000  0.0000  0.0000  0.0000  
0.0000  0.0000  0.0000  1.0000  0.0000  0.0000  0.0000  0.0000  0.0000  0.0000  
0.0000  0.0000  0.0000  0.0000  0.0000  1.0000  0.0000  0.0000  0.0000  0.0000  
0.0000  0.0000  0.0000  0.0000  0.0000  1.0000  0.0000  0.0000  0.0000  0.0000  
0.0000  0.0000  0.0000  0.0000  0.0000  0.0000  0.0000  0.0000  0.0000  1.0000  
loss = 167.377
                                            Loss 0.653815
--------------------------------------------End of Epoch :(------------------------------------------------
-----------------------------------------------Epoch 1700--------------------------------------------------
Predictions:
0.0117  0.0009  0.1789  0.4206  0.0166  0.1228  0.0488  0.0067  0.1778  0.0153  
0.0009  0.0007  0.0987  0.1838  0.0766  0.0759  0.0273  0.0660  0.3392  0.1311  
0.1057  0.0000  0.2202  0.2966  0.0088  0.1483  0.1546  0.0009  0.0620  0.0030  
0.0000  0.6907  0.0605  0.0544  0.0082  0.0057  0.0065  0.0104  0.1376  0.0260  
0.0028  0.0880  0.0656  0.1012  0.0920  0.0528  0.0251  0.1773  0.2012  0.1939  
0.0394  0.0016  0.2523  0.2477  0.0312  0.1222  0.1487  0.0085  0.1284  0.0200  
0.0035  0.1046  0.2478  0.1904  0.0363  0.0551  0.0866  0.0198  0.2112  0.0447  
0.0000  0.9067  0.0238  0.0238  0.0010  0.0016  0.0018  0.0012  0.0370  0.0031  
0.0001  0.0163  0.4878  0.2669  0.0019  0.0131  0.0423  0.0003  0.1692  0.0021  
0.0046  0.0037  0.2143  0.2968  0.0337  0.0908  0.0669  0.0151  0.2375  0.0366  
Ground truth:
0.0000  0.0000  0.0000  1.0000  0.0000  0.0000  0.0000  0.0000  0.0000  0.0000  
0.0000  0.0000  0.0000  0.0000  0.0000  0.0000  0.0000  0.0000  1.0000  0.0000  
0.0000  0.0000  0.0000  0.0000  0.0000  1.0000  0.0000  0.0000  0.0000  0.0000  
0.0000  1.0000  0.0000  0.0000  0.0000  0.0000  0.0000  0.0000  0.0000  0.0000  
0.0000  1.0000  0.0000  0.0000  0.0000  0.0000  0.0000  0.0000  0.0000  0.0000  
0.0000  0.0000  1.0000  0.0000  0.0000  0.0000  0.0000  0.0000  0.0000  0.0000  
0.0000  0.0000  0.0000  0.0000  0.0000  0.0000  1.0000  0.0000  0.0000  0.0000  
0.0000  1.0000  0.0000  0.0000  0.0000  0.0000  0.0000  0.0000  0.0000  0.0000  
0.0000  0.0000  1.0000  0.0000  0.0000  0.0000  0.0000  0.0000  0.0000  0.0000  
0.0000  0.0000  0.0000  0.0000  0.0000  0.0000  0.0000  0.0000  1.0000  0.0000  
loss = 145.021
                                            Loss 0.566487
--------------------------------------------End of Epoch :(------------------------------------------------
-----------------------------------------------Epoch 1800--------------------------------------------------
Predictions:
0.0000  0.9117  0.0260  0.0207  0.0010  0.0020  0.0021  0.0012  0.0327  0.0026  
0.0570  0.0012  0.2527  0.0516  0.0358  0.0835  0.4523  0.0037  0.0495  0.0128  
0.1290  0.0000  0.0695  0.1786  0.0108  0.4927  0.0532  0.0021  0.0594  0.0048  
0.0006  0.0097  0.1264  0.1796  0.0426  0.1105  0.0244  0.0434  0.3829  0.0798  
0.0023  0.0004  0.2560  0.2194  0.0173  0.1805  0.0722  0.0042  0.2332  0.0145  
0.0365  0.0082  0.1582  0.2899  0.0284  0.2031  0.0636  0.0192  0.1644  0.0284  
0.0012  0.0025  0.1473  0.1559  0.0552  0.1419  0.0407  0.0382  0.3392  0.0780  
0.4063  0.0000  0.0463  0.0582  0.0333  0.3030  0.1023  0.0066  0.0319  0.0120  
0.5971  0.0000  0.0200  0.0182  0.0456  0.1947  0.0880  0.0088  0.0140  0.0136  
0.6594  0.0000  0.0341  0.0501  0.0023  0.1894  0.0563  0.0002  0.0078  0.0005  
Ground truth:
0.0000  1.0000  0.0000  0.0000  0.0000  0.0000  0.0000  0.0000  0.0000  0.0000  
0.0000  0.0000  0.0000  0.0000  0.0000  0.0000  1.0000  0.0000  0.0000  0.0000  
0.0000  0.0000  0.0000  0.0000  0.0000  1.0000  0.0000  0.0000  0.0000  0.0000  
0.0000  0.0000  0.0000  0.0000  0.0000  0.0000  0.0000  0.0000  1.0000  0.0000  
0.0000  0.0000  0.0000  0.0000  0.0000  0.0000  0.0000  0.0000  1.0000  0.0000  
0.0000  0.0000  0.0000  1.0000  0.0000  0.0000  0.0000  0.0000  0.0000  0.0000  
0.0000  0.0000  0.0000  0.0000  0.0000  0.0000  0.0000  0.0000  1.0000  0.0000  
0.0000  0.0000  0.0000  0.0000  0.0000  1.0000  0.0000  0.0000  0.0000  0.0000  
1.0000  0.0000  0.0000  0.0000  0.0000  0.0000  0.0000  0.0000  0.0000  0.0000  
1.0000  0.0000  0.0000  0.0000  0.0000  0.0000  0.0000  0.0000  0.0000  0.0000  
loss = 139.953
                                            Loss 0.54669
--------------------------------------------End of Epoch :(------------------------------------------------
-----------------------------------------------Epoch 1900--------------------------------------------------
Predictions:
0.0021  0.0000  0.0022  0.0017  0.3309  0.0124  0.0081  0.3019  0.0183  0.3222  
0.0116  0.0034  0.0393  0.2474  0.0610  0.1783  0.0128  0.0903  0.2550  0.1009  
0.0000  0.9409  0.0167  0.0137  0.0005  0.0007  0.0009  0.0004  0.0250  0.0012  
0.0338  0.0000  0.0262  0.0081  0.4622  0.0574  0.1419  0.0643  0.0408  0.1652  
0.0122  0.0000  0.0134  0.0126  0.3897  0.0695  0.0355  0.1452  0.0660  0.2558  
0.0006  0.0641  0.3354  0.0944  0.0467  0.0327  0.1269  0.0072  0.2540  0.0380  
0.0542  0.0000  0.1696  0.0194  0.0293  0.0442  0.6543  0.0004  0.0242  0.0042  
0.0235  0.0075  0.1570  0.3481  0.0228  0.1590  0.0568  0.0085  0.1968  0.0199  
0.0003  0.0005  0.0012  0.0047  0.1086  0.0108  0.0009  0.5361  0.0338  0.3031  
0.0242  0.0003  0.0058  0.0165  0.1917  0.0610  0.0096  0.3964  0.0452  0.2492  
Ground truth:
0.0000  0.0000  0.0000  0.0000  1.0000  0.0000  0.0000  0.0000  0.0000  0.0000  
0.0000  0.0000  0.0000  0.0000  0.0000  0.0000  0.0000  0.0000  0.0000  1.0000  
0.0000  1.0000  0.0000  0.0000  0.0000  0.0000  0.0000  0.0000  0.0000  0.0000  
0.0000  0.0000  0.0000  0.0000  1.0000  0.0000  0.0000  0.0000  0.0000  0.0000  
0.0000  0.0000  0.0000  0.0000  1.0000  0.0000  0.0000  0.0000  0.0000  0.0000  
0.0000  0.0000  1.0000  0.0000  0.0000  0.0000  0.0000  0.0000  0.0000  0.0000  
0.0000  0.0000  0.0000  0.0000  0.0000  0.0000  1.0000  0.0000  0.0000  0.0000  
0.0000  0.0000  0.0000  1.0000  0.0000  0.0000  0.0000  0.0000  0.0000  0.0000  
0.0000  0.0000  0.0000  0.0000  0.0000  0.0000  0.0000  1.0000  0.0000  0.0000  
0.0000  0.0000  0.0000  0.0000  0.0000  0.0000  0.0000  1.0000  0.0000  0.0000  
loss = 117.974
                                            Loss 0.460835
--------------------------------------------End of Epoch :(------------------------------------------------
-----------------------------------------------Epoch 2000--------------------------------------------------
Predictions:
0.0001  0.0897  0.4740  0.0514  0.0292  0.0149  0.1139  0.0015  0.2065  0.0190  
0.0686  0.0000  0.0202  0.0029  0.5259  0.0535  0.1836  0.0228  0.0203  0.1022  
0.0002  0.0000  0.0005  0.0005  0.2758  0.0052  0.0011  0.3092  0.0126  0.3948  
0.0087  0.0000  0.0006  0.0001  0.7878  0.0083  0.0188  0.0349  0.0025  0.1384  
0.0014  0.0076  0.0273  0.1524  0.0739  0.1047  0.0055  0.1402  0.3041  0.1828  
0.0005  0.0169  0.1012  0.1578  0.0643  0.0795  0.0187  0.0314  0.4282  0.1015  
0.0098  0.0000  0.1399  0.0056  0.1382  0.0332  0.6226  0.0010  0.0324  0.0172  
0.0180  0.0000  0.1043  0.0020  0.0426  0.0113  0.8104  0.0002  0.0077  0.0035  
0.0173  0.0072  0.1181  0.4927  0.0076  0.1657  0.0210  0.0038  0.1585  0.0082  
0.2269  0.0000  0.0791  0.1439  0.0351  0.3327  0.0840  0.0041  0.0808  0.0132  
Ground truth:
0.0000  0.0000  1.0000  0.0000  0.0000  0.0000  0.0000  0.0000  0.0000  0.0000  
0.0000  0.0000  0.0000  0.0000  1.0000  0.0000  0.0000  0.0000  0.0000  0.0000  
0.0000  0.0000  0.0000  0.0000  0.0000  0.0000  0.0000  0.0000  0.0000  1.0000  
0.0000  0.0000  0.0000  0.0000  1.0000  0.0000  0.0000  0.0000  0.0000  0.0000  
0.0000  0.0000  0.0000  0.0000  0.0000  0.0000  0.0000  0.0000  0.0000  1.0000  
0.0000  0.0000  0.0000  0.0000  0.0000  0.0000  0.0000  0.0000  1.0000  0.0000  
0.0000  0.0000  0.0000  0.0000  0.0000  0.0000  1.0000  0.0000  0.0000  0.0000  
0.0000  0.0000  0.0000  0.0000  0.0000  0.0000  1.0000  0.0000  0.0000  0.0000  
0.0000  0.0000  0.0000  1.0000  0.0000  0.0000  0.0000  0.0000  0.0000  0.0000  
0.0000  0.0000  0.0000  0.0000  0.0000  1.0000  0.0000  0.0000  0.0000  0.0000  
loss = 113.513
                                            Loss 0.443409
--------------------------------------------End of Epoch :(------------------------------------------------
-----------------------------------------------Epoch 2100--------------------------------------------------
Predictions:
0.0008  0.0021  0.1291  0.0032  0.3415  0.0102  0.3153  0.0090  0.0684  0.1203  
0.9522  0.0000  0.0014  0.0026  0.0004  0.0374  0.0050  0.0000  0.0009  0.0001  
0.0001  0.0013  0.1027  0.7454  0.0000  0.0264  0.0008  0.0000  0.1233  0.0001  
0.0902  0.0000  0.0290  0.2860  0.0090  0.4153  0.0070  0.0051  0.1464  0.0121  
0.0001  0.0021  0.0053  0.0130  0.1129  0.0177  0.0014  0.2804  0.1308  0.4362  
0.5697  0.0000  0.1123  0.0348  0.0007  0.1038  0.1682  0.0000  0.0105  0.0001  
0.0017  0.0001  0.0061  0.0012  0.4596  0.0100  0.0206  0.1139  0.0254  0.3615  
0.0004  0.0006  0.0190  0.0028  0.4042  0.0113  0.0271  0.0747  0.0742  0.3856  
0.5653  0.0000  0.0557  0.0232  0.0151  0.1798  0.1306  0.0003  0.0271  0.0030  
0.0171  0.0000  0.0073  0.0011  0.5699  0.0225  0.0546  0.0599  0.0205  0.2472  
Ground truth:
0.0000  0.0000  0.0000  0.0000  0.0000  0.0000  1.0000  0.0000  0.0000  0.0000  
1.0000  0.0000  0.0000  0.0000  0.0000  0.0000  0.0000  0.0000  0.0000  0.0000  
0.0000  0.0000  0.0000  1.0000  0.0000  0.0000  0.0000  0.0000  0.0000  0.0000  
0.0000  0.0000  0.0000  0.0000  0.0000  1.0000  0.0000  0.0000  0.0000  0.0000  
